MEMORY
  total           14747 KB
  struct            158 KB
  buffer            253 KB
  arena           14336 KB, used 0.4%

SIZES
  narena                14680064
  nbuffer               258592
  nplugin               0
  maxuse_stack          21180
  maxuse_arena          52716
  maxuse_con            12
  maxuse_efc            48
  ncon                  6
  ne                    0
  nf                    0
  nl                    0
  nefc                  24
  nJ                    576
  efm_active            0
  nefmK                 0
  nefmcon               0
  nefmT                 0
  nefmA                 0
  nefmdof               0
  nefmL                 0
  nY                    0
  nA                    0
  nisland               1
  nidof                 24
  ntree_awake           1
  nbody_awake           26
  nparent_awake         25
  nv_awake              24
  flg_energypos         0
  flg_energyvel         0
  flg_subtreevel        0
  flg_rnepost           0
  threadpool            0

TIMER
    0:  duration =  2.2e+02    number = 8990
    1:  duration =  2e+02      number = 8992
    2:  duration =  0          number = 0
    3:  duration =  1.2e+02    number = 8992
    4:  duration =  14         number = 8992
    5:  duration =  4.8        number = 8992
    6:  duration =  54         number = 8992
    7:  duration =  14         number = 8990
    8:  duration =  23         number = 8992
    9:  duration =  9.7        number = 8992
    10:  duration =  61         number = 8992
    11:  duration =  24         number = 8992
    12:  duration =  0.27       number = 8992
    13:  duration =  32         number = 8992
    14:  duration =  29         number = 8992

SOLVER STAT
  solver_fwdinv =   0         0       
  ISLAND 0
    solver_niter = 1
    solver_nnz = 576
      0:  improvement =  1.1e-05     gradient =  1.1e-16     lineslope =  0       
          nactive = 24   nchange = 0   neval = 2   nupdate = 0

ENERGY =   0         0       

TIME =  18      

QPOS
   0.002   
   0.0016  
   0.074   
   1       
  -0.00012 
  -0.00012 
   9.2e-05 
   0.00049 
  -0.053   
  -0.026   
   0.0019  
  -0.052   
  -0.03    
   0.0056  
  -0.052   
  -0.029   
  -0.003   
  -0.051   
  -0.027   
  -0.0019  
  -0.051   
  -0.028   
  -0.0027  
  -0.052   
  -0.028   

QVEL
  -0.00024 
  -0.00014 
   8.1e-05 
   0.00044 
  -0.00015 
  -0.00084 
   0.00052 
   0.0035  
  -0.0019  
   0.00048 
   0.0029  
  -0.00089 
  -2.8e-05 
   0.0011  
   0.00016 
   0.0025  
  -0.00024 
   5.7e-06 
   0.0023  
  -0.00093 
   0.00034 
   0.0022  
  -0.0016  
   0.0013  

QACC_WARMSTART
  -0.00014 
   0.0052  
  -0.0042  
  -0.11    
   0.043   
   0.073   
  -0.12    
  -0.19    
  -0.28    
  -0.15    
  -0.21    
  -0.15    
  -0.19    
  -0.14    
   0.12    
  -0.034   
   0.12    
  -0.11    
  -0.053   
   0.23    
  -0.022   
  -0.11    
   0.19    
   0.18    

CTRL
   0.00044 
  -0.0009  
   0.0013  
   0.0022  
  -0.0014  
  -0.0027  
   0.0055  
   0.0024  
  -9.5e-05 
  -0.0027  
   0.00054 
   0.00049 
  -0.0017  
   0.0006  
  -0.00073 
  -0.0024  
  -0.00099 
  -0.00063 

QFRC_APPLIED
   0       
   0       
   0       
   0       
   0       
   0       
   0       
   0       
   0       
   0       
   0       
   0       
   0       
   0       
   0       
   0       
   0       
   0       
   0       
   0       
   0       
   0       
   0       
   0       

XFRC_APPLIED
   0         0         0         0         0         0       
   0         0         0         0         0         0       
   0         0         0         0         0         0       
   0         0         0         0         0         0       
   0         0         0         0         0         0       
   0         0         0         0         0         0       
   0         0         0         0         0         0       
   0         0         0         0         0         0       
   0         0         0         0         0         0       
   0         0         0         0         0         0       
   0         0         0         0         0         0       
   0         0         0         0         0         0       
   0         0         0         0         0         0       
   0         0         0         0         0         0       
   0         0         0         0         0         0       
   0         0         0         0         0         0       
   0         0         0         0         0         0       
   0         0         0         0         0         0       
   0         0         0         0         0         0       
   0         0         0         0         0         0       
   0         0         0         0         0         0       
   0         0         0         0         0         0       
   0         0         0         0         0         0       
   0         0         0         0         0         0       
   0         0         0         0         0         0       
   0         0         0         0         0         0       

QACC
  -0.00014 
   0.0052  
  -0.0042  
  -0.11    
   0.043   
   0.073   
  -0.12    
  -0.19    
  -0.28    
  -0.15    
  -0.21    
  -0.15    
  -0.19    
  -0.14    
   0.12    
  -0.034   
   0.12    
  -0.11    
  -0.053   
   0.23    
  -0.022   
  -0.11    
   0.19    
   0.18    

TREE_ASLEEP
  -11

XPOS
   0         0         0       
   0.002     0.0016    0.074   
   0.085     0.065     0.064   
   0.085     0.065     0.064   
   0.12      0.095     0.064   
   0.16      0.14      0.11    
   0.002     0.083     0.063   
   0.002     0.083     0.063   
   0.0019    0.13      0.063   
   0.0017    0.19      0.11    
  -0.082     0.065     0.063   
  -0.082     0.065     0.063   
  -0.11      0.095     0.063   
  -0.16      0.14      0.11    
   0.085    -0.061     0.064   
   0.085    -0.061     0.064   
   0.12     -0.092     0.064   
   0.16     -0.14      0.11    
   0.002    -0.08      0.064   
   0.002    -0.08      0.064   
   0.0019   -0.12      0.064   
   0.0018   -0.19      0.11    
  -0.082    -0.061     0.064   
  -0.082    -0.061     0.064   
  -0.11     -0.092     0.064   
  -0.16     -0.14      0.11    

XQUAT
   1         0         0         0       
   1        -0.00012  -0.00012   9.3e-05 
   0.92     -0.00016  -6.5e-05   0.38    
   0.92     -0.00016  -6.5e-05   0.38    
   0.92      0.0099   -0.024     0.38    
   0.92      0.015    -0.037     0.38    
   0.71     -0.00017   1.5e-06   0.71    
   0.71     -0.00017   1.6e-06   0.71    
   0.71      0.018    -0.018     0.71    
   0.71      0.029    -0.029     0.71    
   0.38     -0.00016   6.8e-05   0.92    
   0.38     -0.00016   6.8e-05   0.92    
   0.38      0.024    -0.0098    0.92    
   0.38      0.037    -0.015     0.92    
   0.92     -6.8e-05  -0.00016  -0.38    
   0.92     -6.8e-05  -0.00016  -0.38    
   0.92     -0.0099   -0.024    -0.38    
   0.92     -0.015    -0.037    -0.38    
   0.71     -1.5e-06  -0.00017  -0.71    
   0.71     -1.3e-06  -0.00017  -0.71    
   0.71     -0.018    -0.018    -0.71    
   0.71     -0.028    -0.028    -0.71    
   0.38      6.5e-05  -0.00016  -0.92    
   0.38      6.5e-05  -0.00016  -0.92    
   0.38     -0.024    -0.01     -0.92    
   0.38     -0.037    -0.015    -0.92    

XMAT
   1         0         0         0         1         0         0         0         1       
   1        -0.00019  -0.00024   0.00019   1         0.00025   0.00024  -0.00025   1       
   0.71     -0.71     -0.00024   0.71      0.71      0.00025  -3e-06    -0.00035   1       
   0.71     -0.71     -0.00024   0.71      0.71      0.00025  -3.2e-06  -0.00035   1       
   0.71     -0.71     -0.038     0.71      0.71     -0.037     0.053    -0.00035   1       
   0.7      -0.71     -0.056     0.71      0.71     -0.056     0.079    -0.00035   1       
  -0.00019  -1        -0.00024   1        -0.00019   0.00025  -0.00025  -0.00024   1       
  -0.0021   -1        -0.00024   1        -0.0021    0.00025  -0.00025  -0.00024   1       
  -0.0021   -1        -0.00014   1        -0.0021   -0.052     0.052    -0.00024   1       
  -0.0021   -1        -7.4e-05   1        -0.0021   -0.081     0.081    -0.00024   1       
  -0.71     -0.71     -0.00024   0.71     -0.71      0.00025  -0.00035   3e-06     1       
  -0.71     -0.7      -0.00024   0.7      -0.71      0.00025  -0.00035   4.9e-06   1       
  -0.71     -0.7       0.037     0.7      -0.71     -0.036     0.052     4.9e-06   1       
  -0.71     -0.7       0.057     0.7      -0.71     -0.057     0.081     4.9e-06   1       
   0.71      0.71     -0.00024  -0.71      0.71      0.00025   0.00035  -3e-06     1       
   0.71      0.71     -0.00024  -0.71      0.71      0.00025   0.00035  -1.9e-06   1       
   0.7       0.71     -0.036    -0.71      0.71      0.037     0.052    -1.9e-06   1       
   0.7       0.71     -0.056    -0.71      0.71      0.056     0.079    -1.9e-06   1       
   0.00019   1        -0.00024  -1         0.00019   0.00025   0.00025   0.00024   1       
  -0.0017    1        -0.00024  -1        -0.0017    0.00025   0.00025   0.00024   1       
  -0.0017    1        -0.00016  -1        -0.0017    0.051     0.051     0.00024   1       
  -0.0017    1        -0.00011  -1        -0.0017    0.08      0.08      0.00024   1       
  -0.71      0.71     -0.00024  -0.71     -0.71      0.00025   3e-06     0.00035   1       
  -0.71      0.71     -0.00024  -0.71     -0.71      0.00025   2e-06     0.00035   1       
  -0.71      0.71      0.037    -0.7      -0.71      0.037     0.052     0.00035   1       
  -0.71      0.71      0.056    -0.7      -0.71      0.057     0.08      0.00035   1       

XIPOS
   0         0         0       
   0.0036    0.0017    0.075   
   0.085     0.065     0.064   
   0.1       0.082     0.069   
   0.14      0.12      0.088   
   0.18      0.16      0.07    
   0.002     0.083     0.063   
   0.0015    0.11      0.069   
   0.00087   0.16      0.088   
   0.0035    0.22      0.07    
  -0.082     0.065     0.063   
  -0.099     0.081     0.069   
  -0.14      0.12      0.088   
  -0.18      0.16      0.07    
   0.085    -0.061     0.064   
   0.1      -0.079     0.069   
   0.14     -0.11      0.088   
   0.18     -0.16      0.07    
   0.002    -0.08      0.064   
   0.0015   -0.1       0.069   
   0.0028   -0.15      0.088   
   0.0036   -0.22      0.07    
  -0.082    -0.061     0.064   
  -0.099    -0.078     0.069   
  -0.13     -0.11      0.088   
  -0.18     -0.16      0.07    

XIMAT
   1         0         0         0         1         0         0         0         1       
  -0.0026   -6.6e-05   1        -0.0054   -1        -8e-05     1        -0.0054    0.0026  
   0.71     -0.71     -0.00024   0.71      0.71      0.00025  -3e-06    -0.00035   1       
  -0.71     -0.17      0.68      0.7      -0.14      0.7      -0.019     0.98      0.22    
  -0.44      0.71      0.55     -0.44     -0.7       0.56      0.79     -0.00072   0.62    
  -0.64     -0.7      -0.33      0.77     -0.56     -0.31      0.032    -0.45      0.89    
  -0.00019  -1        -0.00024   1        -0.00019   0.00025  -0.00025  -0.00024   1       
  -1        -0.016    -0.015    -0.012    -0.22      0.98     -0.019     0.98      0.22    
   0.0036    1        -0.0032   -0.62      0.0048    0.79      0.79     -0.00083   0.62    
  -1        -0.097    -0.012     0.092    -0.89     -0.45      0.033    -0.45      0.89    
  -0.71     -0.71     -0.00024   0.71     -0.71      0.00025  -0.00035   3e-06     1       
  -0.7       0.14     -0.7      -0.72     -0.16      0.68     -0.019     0.98      0.22    
   0.44      0.7      -0.56     -0.43      0.71      0.55      0.79     -0.0011    0.62    
  -0.77      0.56      0.31     -0.64     -0.69     -0.33      0.033    -0.45      0.89    
   0.71      0.71     -0.00024  -0.71      0.71      0.00025   0.00035  -3e-06     1       
   0.72     -0.17      0.68      0.7       0.14     -0.7       0.019     0.98      0.22    
  -0.44     -0.71      0.55      0.44     -0.7      -0.56      0.78      0.0031    0.62    
   0.64     -0.7      -0.33      0.77      0.56      0.31     -0.033    -0.45      0.89    
   0.00019   1        -0.00024  -1         0.00019   0.00025   0.00025   0.00024   1       
   1        -0.016    -0.015    -0.011     0.22     -0.98      0.019     0.98      0.22    
   0.0036   -1        -4.1e-05   0.62      0.0023   -0.78      0.78      0.0028    0.62    
   1        -0.097    -0.013     0.093     0.89      0.45     -0.033    -0.45      0.89    
  -0.71      0.71     -0.00024  -0.71     -0.71      0.00025   3e-06     0.00035   1       
   0.7       0.14     -0.7      -0.72      0.17     -0.68      0.019     0.98      0.22    
   0.44     -0.7      -0.55      0.44      0.71     -0.55      0.78      0.0027    0.62    
   0.77      0.56      0.31     -0.64      0.7       0.33     -0.033    -0.45      0.89    

XANCHOR
   0.002     0.0016    0.074   
   0.085     0.065     0.064   
   0.12      0.095     0.064   
   0.16      0.14      0.11    
   0.002     0.083     0.063   
   0.0019    0.13      0.063   
   0.0017    0.19      0.11    
  -0.082     0.065     0.063   
  -0.11      0.095     0.063   
  -0.16      0.14      0.11    
   0.085    -0.061     0.064   
   0.12     -0.092     0.064   
   0.16     -0.14      0.11    
   0.002    -0.08      0.064   
   0.0019   -0.12      0.064   
   0.0018   -0.19      0.11    
  -0.082    -0.061     0.064   
  -0.11     -0.092     0.064   
  -0.16     -0.14      0.11    

XAXIS
   0         0         1       
  -0.00024   0.00025   1       
  -0.71      0.71     -0.00035 
  -0.71      0.71     -0.00035 
  -0.00024   0.00025   1       
  -1        -0.0021   -0.00024 
  -1        -0.0021   -0.00024 
  -0.00024   0.00025   1       
  -0.7      -0.71      4.9e-06 
  -0.7      -0.71      4.9e-06 
  -0.00024   0.00025   1       
   0.71      0.71     -1.9e-06 
   0.71      0.71     -1.9e-06 
  -0.00024   0.00025   1       
   1        -0.0017    0.00024 
   1        -0.0017    0.00024 
  -0.00024   0.00025   1       
   0.71     -0.71      0.00035 
   0.71     -0.71      0.00035 

GEOM_XPOS
   0         0         0       
   0.0063    0.0016    0.074   
   0.002     0.0016    0.087   
   0.002     0.0016    0.074   
   0.002     0.0016    0.092   
   0.002     0.0016    0.056   
   0.052     0.0016    0.11    
   0.1       0.0016    0.11    
   0.002     0.052     0.11    
   0.0019    0.1       0.11    
   0.002     0.0016    0.15    
   0.0019    0.0016    0.19    
   0.085     0.065     0.064   
   0.1       0.086     0.077   
   0.1       0.08      0.064   
   0.14      0.12      0.089   
   0.14      0.12      0.088   
   0.18      0.15      0.089   
   0.19      0.17      0.076   
   0.18      0.16      0.061   
   0.2       0.18      0.011   
   0.2       0.18      0.0093  
   0.002     0.083     0.063   
   0.00078   0.11      0.077   
   0.0019    0.1       0.063   
  -0.00036   0.16      0.089   
   0.0018    0.16      0.088   
   0.0032    0.21      0.089   
   0.0042    0.23      0.076   
   0.0029    0.22      0.061   
   0.0041    0.24      0.011   
   0.0041    0.24      0.0093  
  -0.082     0.065     0.063   
  -0.1       0.084     0.077   
  -0.097     0.08      0.063   
  -0.14      0.12      0.089   
  -0.13      0.12      0.088   
  -0.17      0.16      0.089   
  -0.18      0.17      0.076   
  -0.18      0.16      0.061   
  -0.19      0.18      0.011   
  -0.19      0.18      0.0093  
   0.085    -0.061     0.064   
   0.1      -0.082     0.077   
   0.1      -0.077     0.064   
   0.14     -0.11      0.089   
   0.14     -0.11      0.088   
   0.18     -0.15      0.089   
   0.19     -0.16      0.076   
   0.18     -0.16      0.061   
   0.2      -0.17      0.011   
   0.2      -0.17      0.0093  
   0.002    -0.08      0.064   
   0.00082  -0.11      0.077   
   0.002    -0.1       0.064   
   0.004    -0.15      0.088   
   0.0019   -0.15      0.088   
   0.0033   -0.21      0.089   
   0.0042   -0.23      0.076   
   0.003    -0.21      0.061   
   0.0042   -0.24      0.011   
   0.0042   -0.24      0.0093  
  -0.082    -0.061     0.064   
  -0.1      -0.081     0.077   
  -0.097    -0.077     0.064   
  -0.13     -0.12      0.088   
  -0.13     -0.11      0.088   
  -0.17     -0.15      0.089   
  -0.18     -0.17      0.076   
  -0.18     -0.16      0.061   
  -0.19     -0.18      0.011   
  -0.19     -0.18      0.0093  

GEOM_XMAT
   1         0         0         0         1         0         0         0         1       
   2.5e-05   0.00024   1         0.00025  -1         0.00024   1         0.00025  -2.5e-05 
  -0.00024   0.00018   1         0.00025  -1         0.00018   1         0.00025   0.00024 
   1        -0.00019  -0.00024   0.00019   1         0.00025   0.00024  -0.00025   1       
   1        -0.00019  -0.00024   0.00019   1         0.00025   0.00024  -0.00025   1       
   1        -0.00019  -0.00024   0.00019   1         0.00025   0.00024  -0.00025   1       
  -0.00024  -0.00019  -1         0.00025   1        -0.00019   1        -0.00025  -0.00024 
   1        -0.00019  -0.00024   0.00019   1         0.00025   0.00024  -0.00025   1       
   1        -0.00024   0.00019   0.00019   0.00025  -1         0.00024   1         0.00025 
   1        -0.00019  -0.00024   0.00019   1         0.00025   0.00024  -0.00025   1       
   1         0.00019   0.00024   0.00019  -1        -0.00025   0.00024   0.00025  -1       
   1        -0.00019  -0.00024   0.00019   1         0.00025   0.00024  -0.00025   1       
   0.71     -0.71     -0.00024   0.71      0.71      0.00025  -3e-06    -0.00035   1       
  -0.71     -0.69     -0.094     0.7      -0.71     -0.095    -0.00067  -0.13      0.99    
  -0.00024  -0.71     -0.71      0.00025   0.71     -0.71      1        -0.00035   3.2e-06 
  -0.43      0.72      0.55     -0.44     -0.7       0.57      0.79      0.0073    0.61    
  -0.44     -0.71     -0.55     -0.44      0.71     -0.56      0.78     -0.00035  -0.62    
   0.68      0.6      -0.42     -0.73      0.56     -0.39     -0.00021   0.57      0.82    
  -0.65      0.71     -0.27     -0.65     -0.71     -0.27     -0.38      0.00026   0.92    
   0.62     -0.7      -0.35      0.63      0.71     -0.32      0.48     -0.021     0.88    
  -0.68     -0.73     -0.04      0.73     -0.68     -0.06      0.017    -0.07      1       
   0.7      -0.71     -0.056     0.71      0.71     -0.056     0.079    -0.00035   1       
  -0.00019  -1        -0.00024   1        -0.00019   0.00025  -0.00025  -0.00024   1       
  -1         0.011     0.00095  -0.011    -0.99     -0.13     -0.00057  -0.13      0.99    
  -0.00024  -1         0.0021    0.00025  -0.0021   -1         1        -0.00024   0.00025 
   0.0036    1        -0.016    -0.61      0.015     0.79      0.79      0.0072    0.61    
   0.0011   -1         0.0018   -0.62     -0.0021   -0.79      0.79     -0.00024  -0.62    
   1         0.025    -0.017    -0.03      0.82     -0.58     -0.00039   0.58      0.82    
   0.002     1         0.00068  -0.92      0.0021   -0.38     -0.38      0.00015   0.92    
  -0.0064   -1        -0.02      0.88      0.0041   -0.48      0.48     -0.021     0.88    
  -1        -0.037     0.014     0.036    -1        -0.073     0.017    -0.073     1       
  -0.0021   -1        -7.4e-05   1        -0.0021   -0.081     0.081    -0.00024   1       
  -0.71     -0.71     -0.00024   0.71     -0.71      0.00025  -0.00035   3e-06     1       
  -0.7       0.71      0.096    -0.72     -0.69     -0.093    -0.00032  -0.13      0.99    
  -0.00024  -0.7       0.71      0.00025  -0.71     -0.7       1         4.9e-06   0.00035 
   0.44      0.69     -0.57     -0.43      0.72      0.54      0.79      0.0069    0.61    
   0.44     -0.7       0.56     -0.44     -0.71     -0.55      0.79      4.9e-06  -0.62    
   0.73     -0.56      0.4       0.69      0.59     -0.42     -0.00063   0.58      0.82    
   0.66      0.7       0.27     -0.65      0.71     -0.27     -0.38     -9.4e-05   0.92    
  -0.63     -0.71      0.32      0.61     -0.71     -0.35      0.48     -0.021     0.88    
  -0.73      0.68      0.062    -0.68     -0.73     -0.041     0.017    -0.072     1       
  -0.71     -0.7       0.057     0.7      -0.71     -0.057     0.081     4.9e-06   1       
   0.71      0.71     -0.00024  -0.71      0.71      0.00025   0.00035  -3e-06     1       
   0.72     -0.69     -0.094     0.7       0.71      0.096     0.00032  -0.13      0.99    
  -0.00024   0.71     -0.71      0.00025   0.71      0.71      1        -1.9e-06  -0.00035 
   0.44      0.7       0.56     -0.44      0.71     -0.54     -0.78     -0.011     0.62    
  -0.44      0.71     -0.55      0.44      0.71      0.56      0.79     -1.9e-06  -0.62    
  -0.69      0.6      -0.42     -0.73     -0.56      0.39      0.00057   0.57      0.82    
  -0.65     -0.71     -0.27      0.66     -0.71      0.27     -0.38      9.2e-05   0.92    
   0.62      0.7      -0.35     -0.63      0.71      0.32      0.48      0.021     0.88    
   0.74     -0.68     -0.06      0.68      0.73      0.04      0.017    -0.071     1       
   0.7       0.71     -0.056    -0.71      0.71      0.056     0.079    -1.9e-06   1       
   0.00019   1        -0.00024  -1         0.00019   0.00025   0.00025   0.00024   1       
   1         0.011     0.0009   -0.011     0.99      0.13      0.00057  -0.13      0.99    
  -0.00024   1         0.0017    0.00025  -0.0017    1         1         0.00024  -0.00025 
  -0.0033    1         0.013    -0.62      0.0081   -0.78     -0.78     -0.011     0.62    
   0.00084   1         0.0015    0.62     -0.0017    0.79      0.79      0.00024  -0.62    
  -1         0.025    -0.017    -0.03     -0.82      0.57      0.00035   0.57      0.82    
   0.0017   -1         0.00052   0.92      0.0017    0.38     -0.38     -0.00015   0.92    
  -0.0061    1        -0.021    -0.88      0.0045    0.48      0.48      0.021     0.88    
   1         0.041    -0.014    -0.04      1         0.072     0.017    -0.071     1       
  -0.0017    1        -0.00011  -1        -0.0017    0.08      0.08      0.00024   1       
  -0.71      0.71     -0.00024  -0.71     -0.71      0.00025   3e-06     0.00035   1       
   0.7       0.71      0.095    -0.72      0.69      0.094     0.00067  -0.13      0.99    
  -0.00024   0.71      0.71      0.00025  -0.71      0.71      1         0.00035  -2e-06   
  -0.44      0.71     -0.54     -0.44     -0.7      -0.56     -0.78     -0.011     0.62    
   0.44      0.71      0.56      0.44     -0.71      0.55      0.79      0.00035  -0.62    
  -0.73     -0.56      0.39      0.69     -0.6       0.42      0.00025   0.57      0.82    
   0.66     -0.71      0.27      0.65      0.71      0.27     -0.38     -0.00026   0.92    
  -0.63      0.71      0.32     -0.62     -0.7       0.35      0.48      0.021     0.88    
   0.68      0.73      0.041    -0.74      0.68      0.061     0.017    -0.072     1       
  -0.71      0.71      0.056    -0.7      -0.71      0.057     0.08      0.00035   1       

SITE_XPOS
   0.085     0.065     0.084   
   0.002     0.083     0.083   
  -0.082     0.065     0.083   
   0.085    -0.061     0.084   
   0.002    -0.08      0.084   
  -0.082    -0.061     0.084   

SITE_XMAT
   0.71     -0.71     -0.00024   0.71      0.71      0.00025  -3e-06    -0.00035   1       
  -0.00019  -1        -0.00024   1        -0.00019   0.00025  -0.00025  -0.00024   1       
  -0.71     -0.71     -0.00024   0.71     -0.71      0.00025  -0.00035   3e-06     1       
   0.71      0.71     -0.00024  -0.71      0.71      0.00025   0.00035  -3e-06     1       
   0.00019   1        -0.00024  -1         0.00019   0.00025   0.00025   0.00024   1       
  -0.71      0.71     -0.00024  -0.71     -0.71      0.00025   3e-06     0.00035   1       

LIGHT_XPOS
   0         0         2.5     

LIGHT_XDIR
   0         0        -1       

SUBTREE_COM
   0.0028    0.0016    0.075   
   0.0028    0.0016    0.075   
   0.14      0.12      0.076   
   0.15      0.13      0.076   
   0.16      0.14      0.079   
   0.18      0.16      0.07    
   0.0021    0.17      0.076   
   0.0021    0.17      0.076   
   0.0023    0.19      0.079   
   0.0035    0.22      0.07    
  -0.14      0.12      0.076   
  -0.14      0.13      0.076   
  -0.16      0.14      0.079   
  -0.18      0.16      0.07    
   0.14     -0.12      0.076   
   0.15     -0.12      0.076   
   0.16     -0.14      0.079   
   0.18     -0.16      0.07    
   0.0028   -0.16      0.076   
   0.0028   -0.17      0.076   
   0.0032   -0.19      0.079   
   0.0036   -0.22      0.07    
  -0.14     -0.12      0.076   
  -0.14     -0.12      0.076   
  -0.16     -0.14      0.079   
  -0.18     -0.16      0.07    

CDOF
   0         0         0         1         0         0       
   0         0         0         0         1         0       
   0         0         0         0         0         1       
   1         0.00019   0.00024   3.1e-07  -0.0017    3.5e-05 
  -0.00019   1        -0.00025   0.0017    1e-07    -0.00085 
  -0.00024   0.00025   1        -3.4e-05   0.00085  -2.2e-07 
  -0.00024   0.00025   1         0.063    -0.083     3.6e-05 
  -0.71      0.71     -0.00035   0.0082    0.0083    0.15    
  -0.71      0.71     -0.00035  -0.027    -0.027     0.21    
  -0.00024   0.00025   1         0.081     0.00086   2e-05   
  -1        -0.0021   -0.00024  -5.5e-05   0.012     0.12    
  -1        -0.0021   -0.00024   3.3e-05  -0.038     0.19    
  -0.00024   0.00025   1         0.063     0.084    -5.6e-06 
  -0.7      -0.71      4.9e-06  -0.0083    0.0083    0.15    
  -0.7      -0.71      4.9e-06   0.027    -0.026     0.21    
  -0.00024   0.00025   1        -0.063    -0.083     5.1e-06 
   0.71      0.71     -1.9e-06   0.0082   -0.0083    0.15    
   0.71      0.71     -1.9e-06  -0.027     0.027     0.21    
  -0.00024   0.00025   1        -0.082     0.00083  -2e-05   
   1        -0.0017    0.00024  -5e-05    -0.012     0.12    
   1        -0.0017    0.00024   1.7e-05   0.038     0.19    
  -0.00024   0.00025   1        -0.063     0.084    -3.6e-05 
   0.71     -0.71      0.00035  -0.0083   -0.0082    0.15    
   0.71     -0.71      0.00035   0.027     0.027     0.21    

CINERT
   0         0         0         0         0         0         0         0         0         0       
   0.0025    0.0041    0.0061   -2.5e-08  -8.5e-06  -1e-05     0.0014    0.00023  -0.0011    1.7     
   8.4e-05   0.00014   0.00022  -0.0001    1.9e-05   1.5e-05   0.0017    0.0013   -0.00023   0.02    
   0.00068   0.001     0.0016   -0.0008    6.2e-05   5e-05     0.0098    0.0079   -0.00063   0.099   
   0.002     0.0026    0.0045   -0.0022   -0.00028  -0.00024   0.019     0.016     0.0018    0.14    
   0.0043    0.0054    0.0093   -0.0046    0.00021   0.00018   0.029     0.025    -0.00078   0.16    
   0.00014   4.9e-06   0.00014   1.4e-06  -2e-07     1.9e-05  -1.7e-05   0.0016   -0.00023   0.02    
   0.0012    2.7e-05   0.0011    1.4e-05  -5e-07     6.6e-05  -0.00013   0.01     -0.00063   0.099   
   0.0035    8.4e-05   0.0035    4.3e-05   3.8e-06  -0.00033  -0.00027   0.022     0.0018    0.14    
   0.0079    0.0002    0.0077   -2.6e-05   2.7e-06   0.00026   0.00011   0.035    -0.00079   0.16    
   8.4e-05   0.00015   0.00022   0.00011  -2e-05     1.5e-05  -0.0017    0.0013   -0.00023   0.02    
   0.00066   0.0011    0.0017    0.00081  -6.4e-05   5e-05    -0.01      0.0079   -0.00063   0.099   
   0.0019    0.0028    0.0046    0.0022    0.00028  -0.00024  -0.019     0.016     0.0018    0.14    
   0.0044    0.0054    0.0094    0.0047   -0.0002    0.00019  -0.029     0.026    -0.00079   0.16    
   8.4e-05   0.00014   0.00022   0.0001    1.9e-05  -1.5e-05   0.0017   -0.0013   -0.00023   0.02    
   0.00068   0.001     0.0016    0.0008    6.2e-05  -4.9e-05   0.0098   -0.0079   -0.00063   0.099   
   0.002     0.0027    0.0045    0.0022   -0.00028   0.00024   0.019    -0.016     0.0018    0.14    
   0.0043    0.0054    0.0093    0.0046    0.00021  -0.00019   0.029    -0.025    -0.00078   0.16    
   0.00014   4.9e-06   0.00014  -1.4e-06  -1.9e-07  -1.9e-05  -1.7e-05  -0.0016   -0.00023   0.02    
   0.0012    2.7e-05   0.0011   -1.4e-05  -4.6e-07  -6.5e-05  -0.00013  -0.01     -0.00063   0.099   
   0.0035    8.4e-05   0.0035   -7.1e-07   1.3e-07   0.00033  -4.8e-06  -0.022     0.0018    0.14    
   0.0079    0.0002    0.0077    2.9e-05   2.8e-06  -0.00026   0.00012  -0.035    -0.00079   0.16    
   8.4e-05   0.00015   0.00022  -0.00011  -2e-05    -1.5e-05  -0.0017   -0.0013   -0.00023   0.02    
   0.00067   0.0011    0.0017   -0.00081  -6.3e-05  -5e-05    -0.01     -0.0079   -0.00063   0.099   
   0.002     0.0027    0.0046   -0.0022    0.00028   0.00024  -0.019    -0.016     0.0018    0.14    
   0.0044    0.0054    0.0094   -0.0047   -0.0002   -0.00019  -0.029    -0.026    -0.00079   0.16    

ACTUATOR_LENGTH
   0.00049 
  -0.053   
  -0.026   
   0.0019  
  -0.052   
  -0.03    
   0.0056  
  -0.052   
  -0.029   
  -0.003   
  -0.051   
  -0.027   
  -0.0019  
  -0.051   
  -0.028   
  -0.0027  
  -0.052   
  -0.028   

actuator_moment
--------------------------
       x                  |
        x                 |
         x                |
          x               |
           x              |
            x             |
             x            |
              x           |
               x          |
                x         |
                 x        |
                  x       |
                   x      |
                    x     |
                     x    |
                      x   |
                       x  |
                        x |
--------------------------

ACTUATOR_MOMENT
     6:  1       
     7:  1       
     8:  1       
     9:  1       
    10:  1       
    11:  1       
    12:  1       
    13:  1       
    14:  1       
    15:  1       
    16:  1       
    17:  1       
    18:  1       
    19:  1       
    20:  1       
    21:  1       
    22:  1       
    23:  1       

CRB
   0         0         0         0         0         0         0         0         0         0       
   0.056     0.042     0.094     4.1e-05   4.4e-06  -7.8e-06  -2.1e-17   4.9e-17   1.6e-17   4.2     
   0.007     0.0092    0.016    -0.0077    9.9e-06   5.9e-06   0.059     0.051     0.0002    0.42    
   0.0069    0.0091    0.015    -0.0076   -9.4e-06  -8.9e-06   0.057     0.049     0.00044   0.4     
   0.0062    0.0081    0.014    -0.0068   -7.1e-05  -5.8e-05   0.048     0.041     0.0011    0.3     
   0.0043    0.0054    0.0093   -0.0046    0.00021   0.00018   0.029     0.025    -0.00078   0.16    
   0.013     0.00032   0.012     3.2e-05   5.7e-06   1.9e-05  -0.00031   0.069     0.00018   0.42    
   0.013     0.00031   0.012     3.1e-05   5.9e-06   1.9e-07  -0.00029   0.067     0.00042   0.4     
   0.011     0.00029   0.011     1.6e-05   6.4e-06  -6.5e-05  -0.00016   0.057     0.001     0.3     
   0.0079    0.0002    0.0077   -2.6e-05   2.7e-06   0.00026   0.00011   0.035    -0.00079   0.16    
   0.007     0.0094    0.016     0.0078   -6e-06     1.7e-05  -0.06      0.051     0.00017   0.42    
   0.007     0.0093    0.016     0.0077    1.4e-05   2.6e-06  -0.058     0.049     0.00041   0.4     
   0.0063    0.0082    0.014     0.0069    7.7e-05  -4.7e-05  -0.048     0.042     0.001     0.3     
   0.0044    0.0054    0.0094    0.0047   -0.0002    0.00019  -0.029     0.026    -0.00079   0.16    
   0.007     0.0093    0.016     0.0077    7.7e-06  -8.8e-06   0.059    -0.051     0.0002    0.42    
   0.0069    0.0091    0.015     0.0076   -1.2e-05   5.9e-06   0.058    -0.049     0.00043   0.4     
   0.0062    0.0081    0.014     0.0068   -7.3e-05   5.5e-05   0.048    -0.041     0.0011    0.3     
   0.0043    0.0054    0.0093    0.0046    0.00021  -0.00019   0.029    -0.025    -0.00078   0.16    
   0.013     0.00032   0.012     1.3e-05   2.2e-06  -1.8e-05  -2.6e-05  -0.069     0.00019   0.42    
   0.013     0.00031   0.012     1.5e-05   2.4e-06   1.5e-06  -9.6e-06  -0.067     0.00042   0.4     
   0.011     0.00029   0.011     2.9e-05   2.9e-06   6.7e-05   0.00012  -0.057     0.0011    0.3     
   0.0079    0.0002    0.0077    2.9e-05   2.8e-06  -0.00026   0.00012  -0.035    -0.00079   0.16    
   0.0071    0.0093    0.016    -0.0078   -6.6e-06  -1.3e-05  -0.059    -0.051     0.00018   0.42    
   0.007     0.0092    0.016    -0.0077    1.3e-05   1.3e-06  -0.058    -0.05      0.00042   0.4     
   0.0064    0.0081    0.014    -0.0069    7.6e-05   5.1e-05  -0.048    -0.042     0.001     0.3     
   0.0044    0.0054    0.0094   -0.0047   -0.0002   -0.00019  -0.029    -0.026    -0.00079   0.16    

M
     0:  4.2     
     0:  0          1:  4.2     
     0:  0          1:  0          2:  4.2     
     0:  1.3e-06    1: -0.0071     2:  0.00014    3:  0.056   
     0:  0.0071     1:  4.4e-07    2: -0.0035     3:  3.8e-05    4:  0.042   
     0: -0.00014    1:  0.0035     2: -9.2e-07    3:  7.7e-06    4: -2.1e-05    5:  0.094   
     0: -0.024      1:  0.025      2: -1.2e-05    3: -1.5e-05    4: -2.3e-05    5:  0.0076     6:  0.004   
     0:  0.0032     1:  0.0032     2: -0.019      3: -0.0032     4:  0.0036     5:  6.2e-05    6: -3.6e-06    7:  0.002   
     0: -0.0048     1: -0.0048     2: -0.0052     3: -0.001      4:  0.0011     5: -0.00011    6: -1.5e-05    7:  0.0007     8:  0.00071 
     0: -0.035      1:  4.7e-05    2: -8.5e-06    3:  5.4e-06    4: -2.6e-05    5:  0.0069     9:  0.004   
     0: -4.7e-06    1:  0.0045     2: -0.02       3: -0.0044     4:  2.1e-05    5: -2.9e-06    9: -3.6e-06   10:  0.002   
     0:  1.5e-05    1: -0.0067     2: -0.0052     3: -0.0014     4:  9.9e-06    5: -1.6e-05    9: -1.5e-05   10:  0.00071   11:  0.00071 
     0: -0.024      1: -0.025      2:  1.3e-07    3:  2.3e-05    4: -1.5e-05    5:  0.0076    12:  0.004   
     0: -0.0032     1:  0.0032     2: -0.02       3: -0.0032     4: -0.0036     5: -6.7e-05   12: -3.6e-06   13:  0.002   
     0:  0.0048     1: -0.0047     2: -0.0052     3: -0.001      4: -0.0011     5:  7.9e-05   12: -1.5e-05   13:  0.00071   14:  0.00071 
     0:  0.024      1:  0.025      2: -2e-07      3: -1.6e-05    4:  1.8e-05    5:  0.0076    15:  0.004   
     0:  0.0032     1: -0.0032     2: -0.02       3:  0.0032     4:  0.0036     5: -7e-05     15: -2.9e-06   16:  0.002   
     0: -0.0047     1:  0.0048     2: -0.0052     3:  0.001      4:  0.0011     5:  0.00011   15:  1.5e-05   16:  0.00071   17:  0.00071 
     0:  0.035      1:  0.00032    2:  8.4e-06    3:  1.5e-06    4:  2.4e-05    5:  0.0069    18:  0.004   
     0: -2.8e-06    1: -0.0045     2: -0.02       3:  0.0044     4:  2.9e-05    5: -3.6e-06   18: -2.9e-06   19:  0.002   
     0:  1.2e-05    1:  0.0067     2: -0.0052     3:  0.0014     4:  9.9e-06    5:  1.6e-05   18:  1.5e-05   19:  0.00071   20:  0.00071 
     0:  0.025      1: -0.024      2:  1.2e-05    3:  1.9e-05    4:  1.7e-05    5:  0.0076    21:  0.004   
     0: -0.0032     1: -0.0032     2: -0.02       3:  0.0032     4: -0.0036     5:  6.1e-05   21: -2.9e-06   22:  0.002   
     0:  0.0048     1:  0.0047     2: -0.0052     3:  0.001      4: -0.0011     5: -8.1e-05   21:  1.5e-05   22:  0.00071   23:  0.00071 

QLD
     0:  2.6     
     0: -0.00051    1:  2.8     
     0: -0.00088    1: -0.00031    2:  3       
     0: -0.0067     1:  2.6        2:  0.019      3:  0.016   
     0: -1.5        1:  0.001      2: -0.16       3:  0.00095    4:  0.016   
     0: -0.027      1:  0.23       2:  0.014      3: -0.0018     4: -0.00056    5:  0.013   
     0: -6.1        1:  6          2: -0.0002     3: -0.0044     4: -0.0048     5:  1.9        6:  0.004   
     0:  6          1:  6          2: -11         3: -1.7        4:  1.9        5:  0.13       6:  0.0083     7:  0.0013  
     0: -6.7        1: -6.7        2: -7.4        3: -1.4        4:  1.6        5: -0.16       6: -0.021      7:  0.99       8:  0.00071 
     0: -8.6        1: -0.046      2:  0.00075    3:  0.00023    4: -0.0064     5:  1.7        9:  0.004   
     0: -0.015      1:  8.5        2: -11         3: -2.3        4:  0.0082     5:  0.0097     9:  0.0084    10:  0.0013  
     0:  0.021      1: -9.5        2: -7.4        3: -2          4:  0.014      5: -0.022      9: -0.021     10:  1         11:  0.00071 
     0: -6          1: -6.1        2:  0.0029     3:  0.0048     4: -0.0044     5:  1.9       12:  0.004   
     0: -6.1        1:  6          2: -11         3: -1.7        4: -1.9        5: -0.11      12:  0.0084    13:  0.0013  
     0:  6.7        1: -6.6        2: -7.4        3: -1.5        4: -1.6        5:  0.11      12: -0.021     13:  1         14:  0.00071 
     0:  6.1        1:  6.1        2: -0.02       3: -0.002      4:  0.0067     5:  1.9       15:  0.004   
     0:  6          1: -6          2: -11         3:  1.7        4:  1.9        5: -0.14      15: -0.013     16:  0.0013  
     0: -6.7        1:  6.7        2: -7.4        3:  1.4        4:  1.6        5:  0.16      15:  0.021     16:  0.99      17:  0.00071 
     0:  8.6        1:  0.0079     2: -0.018      3:  0.0029     4:  0.0059     5:  1.7       18:  0.004   
     0: -0.012      1: -8.5        2: -11         3:  2.3        4:  0.015      5: -0.015     18: -0.013     19:  0.0013  
     0:  0.018      1:  9.5        2: -7.4        3:  2          4:  0.014      5:  0.022     18:  0.021     19:  0.99      20:  0.00071 
     0:  6.1        1: -6.1        2: -0.017      3:  0.0066     4:  0.0018     5:  1.9       21:  0.004   
     0: -6          1: -6          2: -11         3:  1.7        4: -1.9        5:  0.11      21: -0.013     22:  0.0013  
     0:  6.7        1:  6.7        2: -7.4        3:  1.5        4: -1.6        5: -0.11      21:  0.021     22:  0.99      23:  0.00071 

QLDIAGINV
   0.38    
   0.35    
   0.33    
   61      
   63      
   77      
   2.5e+02 
   7.6e+02 
   1.4e+03 
   2.5e+02 
   7.6e+02 
   1.4e+03 
   2.5e+02 
   7.6e+02 
   1.4e+03 
   2.5e+02 
   7.6e+02 
   1.4e+03 
   2.5e+02 
   7.6e+02 
   1.4e+03 
   2.5e+02 
   7.6e+02 
   1.4e+03 

M: inertia structure
--------------------------
 x                        |
 xx                       |
 xxx                      |
 xxxx                     |
 xxxxx                    |
 xxxxxx                   |
 xxxxxxx                  |
 xxxxxxxx                 |
 xxxxxxxxx                |
 xxxxxx   x               |
 xxxxxx   xx              |
 xxxxxx   xxx             |
 xxxxxx      x            |
 xxxxxx      xx           |
 xxxxxx      xxx          |
 xxxxxx         x         |
 xxxxxx         xx        |
 xxxxxx         xxx       |
 xxxxxx            x      |
 xxxxxx            xx     |
 xxxxxx            xxx    |
 xxxxxx               x   |
 xxxxxx               xx  |
 xxxxxx               xxx |
--------------------------

iM: block-diagonal inertia (nnzs are island ids)
--------------------------
 0                        |
 00                       |
 000                      |
 0000                     |
 00000                    |
 000000                   |
 0000000                  |
 00000000                 |
 000000000                |
 000000   0               |
 000000   00              |
 000000   000             |
 000000      0            |
 000000      00           |
 000000      000          |
 000000         0         |
 000000         00        |
 000000         000       |
 000000            0      |
 000000            00     |
 000000            000    |
 000000               0   |
 000000               00  |
 000000               000 |
--------------------------

QH
     0:  3.4     
     0: -0.00038    1:  3.7     
     0: -0.00014    1:  2.3e-05    2:  3.7     
     0: -0.00035    1:  0.098      2:  0.0053     3:  0.038   
     0:  0.012      1:  0.0001     2: -0.1        3:  0.00087    4:  0.03    
     0: -0.0066     1:  0.06       2:  0.00021    3: -0.00017    4: -0.00033    5:  0.045   
     0: -3.7        1:  3.7        2: -0.0056     3: -0.003      4: -0.0026     5:  1.1        6:  0.0066  
     0:  0.95       1:  0.95       2: -4.1        3: -0.67       4:  0.76       5:  0.019      6: -0.00011    7:  0.0045  
     0: -1.4        1: -1.4        2: -1.6        3: -0.31       4:  0.35       5: -0.034      6: -0.0044     7:  0.21       8:  0.0033  
     0: -5.2        1:  0.0027     2: -0.0051     3: -0.0002     4: -0.0039     5:  1          9:  0.0066  
     0: -0.0018     1:  1.3        2: -4.1        3: -0.92       4:  0.0041     5:  0.0001     9: -0.0001    10:  0.0045  
     0:  0.0046     1: -2          2: -1.6        3: -0.43       4:  0.003      5: -0.0047     9: -0.0044    10:  0.21      11:  0.0033  
     0: -3.7        1: -3.7        2: -0.0038     3:  0.0027     4: -0.003      5:  1.1       12:  0.0066  
     0: -0.95       1:  0.94       2: -4.1        3: -0.67       4: -0.75       5: -0.019     12: -0.0001    13:  0.0045  
     0:  1.4        1: -1.4        2: -1.6        3: -0.31       4: -0.34       5:  0.024     12: -0.0044    13:  0.21      14:  0.0033  
     0:  3.7        1:  3.7        2: -0.00027    3: -0.0024     4:  0.0026     5:  1.2       15:  0.0066  
     0:  0.94       1: -0.95       2: -4.1        3:  0.67       4:  0.76       5: -0.021     15: -0.0013    16:  0.0045  
     0: -1.4        1:  1.4        2: -1.6        3:  0.31       4:  0.35       5:  0.035     15:  0.0044    16:  0.21      17:  0.0033  
     0:  5.2        1:  0.042      2:  0.001      3:  0.00011    4:  0.0036     5:  1         18:  0.0066  
     0: -0.0012     1: -1.3        2: -4.1        3:  0.92       4:  0.006      5: -0.0016    18: -0.0014    19:  0.0045  
     0:  0.0038     1:  2          2: -1.6        3:  0.43       4:  0.003      5:  0.0047    18:  0.0044    19:  0.21      20:  0.0033  
     0:  3.7        1: -3.7        2:  0.0016     3:  0.0028     4:  0.0026     5:  1.1       21:  0.0066  
     0: -0.95       1: -0.94       2: -4.1        3:  0.67       4: -0.75       5:  0.018     21: -0.0014    22:  0.0045  
     0:  1.4        1:  1.4        2: -1.6        3:  0.31       4: -0.34       5: -0.024     21:  0.0044    22:  0.21      23:  0.0033  

QHDIAGINV
   0.29    
   0.27    
   0.27    
   26      
   33      
   22      
   1.5e+02 
   2.2e+02 
   3e+02   
   1.5e+02 
   2.2e+02 
   3e+02   
   1.5e+02 
   2.2e+02 
   3e+02   
   1.5e+02 
   2.2e+02 
   3e+02   
   1.5e+02 
   2.2e+02 
   3e+02   
   1.5e+02 
   2.2e+02 
   3e+02   

TREE_AWAKE
  1

BODY_AWAKE
  -1 1 1 1 1 1 1 1 1 1 1 1 1 1 1 1 1 1 1 1 1 1 1 1 1 1

BODY_AWAKE_IND
  0 1 2 3 4 5 6 7 8 9 10 11 12 13 14 15 16 17 18 19 20 21 22 23 24 25

PARENT_AWAKE_IND
  1 2 3 4 5 6 7 8 9 10 11 12 13 14 15 16 17 18 19 20 21 22 23 24 25

DOF_AWAKE_IND
  0 1 2 3 4 5 6 7 8 9 10 11 12 13 14 15 16 17 18 19 20 21 22 23

QDERIV
     0:  0          1:  0          2:  0          3:  0          4:  0          5:  0          6:  0          7:  0          8:  0          9:  0         10:  0         11:  0         12:  0         13:  0         14:  0         15:  0         16:  0         17:  0         18:  0         19:  0         20:  0         21:  0         22:  0         23:  0       
     0:  0          1:  0          2:  0          3:  0          4:  0          5:  0          6:  0          7:  0          8:  0          9:  0         10:  0         11:  0         12:  0         13:  0         14:  0         15:  0         16:  0         17:  0         18:  0         19:  0         20:  0         21:  0         22:  0         23:  0       
     0:  0          1:  0          2:  0          3:  0          4:  0          5:  0          6:  0          7:  0          8:  0          9:  0         10:  0         11:  0         12:  0         13:  0         14:  0         15:  0         16:  0         17:  0         18:  0         19:  0         20:  0         21:  0         22:  0         23:  0       
     0:  0          1:  0          2:  0          3:  0          4:  0          5:  0          6:  0          7:  0          8:  0          9:  0         10:  0         11:  0         12:  0         13:  0         14:  0         15:  0         16:  0         17:  0         18:  0         19:  0         20:  0         21:  0         22:  0         23:  0       
     0:  0          1:  0          2:  0          3:  0          4:  0          5:  0          6:  0          7:  0          8:  0          9:  0         10:  0         11:  0         12:  0         13:  0         14:  0         15:  0         16:  0         17:  0         18:  0         19:  0         20:  0         21:  0         22:  0         23:  0       
     0:  0          1:  0          2:  0          3:  0          4:  0          5:  0          6:  0          7:  0          8:  0          9:  0         10:  0         11:  0         12:  0         13:  0         14:  0         15:  0         16:  0         17:  0         18:  0         19:  0         20:  0         21:  0         22:  0         23:  0       
     0:  0          1:  0          2:  0          3:  0          4:  0          5:  0          6: -1.3        7:  0          8:  0       
     0:  0          1:  0          2:  0          3:  0          4:  0          5:  0          6:  0          7: -1.3        8:  0       
     0:  0          1:  0          2:  0          3:  0          4:  0          5:  0          6:  0          7:  0          8: -1.3     
     0:  0          1:  0          2:  0          3:  0          4:  0          5:  0          9: -1.3       10:  0         11:  0       
     0:  0          1:  0          2:  0          3:  0          4:  0          5:  0          9:  0         10: -1.3       11:  0       
     0:  0          1:  0          2:  0          3:  0          4:  0          5:  0          9:  0         10:  0         11: -1.3     
     0:  0          1:  0          2:  0          3:  0          4:  0          5:  0         12: -1.3       13:  0         14:  0       
     0:  0          1:  0          2:  0          3:  0          4:  0          5:  0         12:  0         13: -1.3       14:  0       
     0:  0          1:  0          2:  0          3:  0          4:  0          5:  0         12:  0         13:  0         14: -1.3     
     0:  0          1:  0          2:  0          3:  0          4:  0          5:  0         15: -1.3       16:  0         17:  0       
     0:  0          1:  0          2:  0          3:  0          4:  0          5:  0         15:  0         16: -1.3       17:  0       
     0:  0          1:  0          2:  0          3:  0          4:  0          5:  0         15:  0         16:  0         17: -1.3     
     0:  0          1:  0          2:  0          3:  0          4:  0          5:  0         18: -1.3       19:  0         20:  0       
     0:  0          1:  0          2:  0          3:  0          4:  0          5:  0         18:  0         19: -1.3       20:  0       
     0:  0          1:  0          2:  0          3:  0          4:  0          5:  0         18:  0         19:  0         20: -1.3     
     0:  0          1:  0          2:  0          3:  0          4:  0          5:  0         21: -1.3       22:  0         23:  0       
     0:  0          1:  0          2:  0          3:  0          4:  0          5:  0         21:  0         22: -1.3       23:  0       
     0:  0          1:  0          2:  0          3:  0          4:  0          5:  0         21:  0         22:  0         23: -1.3     

CONTACT
  0:
     dim           3
     geoms         ground : tip_L1
     exclude       0
     efc_address   0
     solref         0.015     1       
     solimp         0.9       0.95      0.001     0.5       2       
     dist          -0.00072 
     includemargin  0       
     pos            0.2       0.18     -0.00036 
     frame          0         0         1         0         1         0        -1         0         0       
     friction       1.2       1.2       0.05      0.001     0.001   
     mu             1.2     
     force          6.8       0.0071    0.0089    0         0         0       
  1:
     dim           3
     geoms         ground : tip_L2
     exclude       0
     efc_address   4
     solref         0.015     1       
     solimp         0.9       0.95      0.001     0.5       2       
     dist          -0.00071 
     includemargin  0       
     pos            0.0041    0.24     -0.00036 
     frame          0         0         1         0         1         0        -1         0         0       
     friction       1.2       1.2       0.05      0.001     0.001   
     mu             1.2     
     force          6.7       0.0022   -0.016     0         0         0       
  2:
     dim           3
     geoms         ground : tip_L3
     exclude       0
     efc_address   8
     solref         0.015     1       
     solimp         0.9       0.95      0.001     0.5       2       
     dist          -0.00074 
     includemargin  0       
     pos           -0.19      0.18     -0.00037 
     frame          0         0         1         0         1         0        -1         0         0       
     friction       1.2       1.2       0.05      0.001     0.001   
     mu             1.2     
     force          7.1      -0.001     0.0087    0         0         0       
  3:
     dim           3
     geoms         ground : tip_R1
     exclude       0
     efc_address   12
     solref         0.015     1       
     solimp         0.9       0.95      0.001     0.5       2       
     dist          -0.00073 
     includemargin  0       
     pos            0.2      -0.17     -0.00036 
     frame          0         0         1         0         1         0        -1         0         0       
     friction       1.2       1.2       0.05      0.001     0.001   
     mu             1.2     
     force          6.9      -0.0028   -0.0086    0         0         0       
  4:
     dim           3
     geoms         ground : tip_R2
     exclude       0
     efc_address   16
     solref         0.015     1       
     solimp         0.9       0.95      0.001     0.5       2       
     dist          -0.00073 
     includemargin  0       
     pos            0.0042   -0.24     -0.00036 
     frame          0         0         1         0         1         0        -1         0         0       
     friction       1.2       1.2       0.05      0.001     0.001   
     mu             1.2     
     force          6.9       0.013    -0.0087    0         0         0       
  5:
     dim           3
     geoms         ground : tip_R3
     exclude       0
     efc_address   20
     solref         0.015     1       
     solimp         0.9       0.95      0.001     0.5       2       
     dist          -0.00072 
     includemargin  0       
     pos           -0.19     -0.18     -0.00036 
     frame          0         0         1         0         1         0        -1         0         0       
     friction       1.2       1.2       0.05      0.001     0.001   
     mu             1.2     
     force          6.8       0.0054    0.0053    0         0         0       

EFC_TYPE
  6
  6
  6
  6
  6
  6
  6
  6
  6
  6
  6
  6
  6
  6
  6
  6
  6
  6
  6
  6
  6
  6
  6
  6

EFC_ID
  0
  0
  0
  0
  1
  1
  1
  1
  2
  2
  2
  2
  3
  3
  3
  3
  4
  4
  4
  4
  5
  5
  5
  5

EFC_J
   0         1.2       1         0.26     -0.2       0.24      0.14     -0.17     -0.15      0         0         0         0         0         0         0         0         0         0         0         0         0         0         0       
   0        -1.2       1         0.087    -0.2      -0.24     -0.14     -0.064     0.04      0         0         0         0         0         0         0         0         0         0         0         0         0         0         0       
  -1.2       0         1         0.18     -0.11      0.21      0.13     -0.064     0.04      0         0         0         0         0         0         0         0         0         0         0         0         0         0         0       
   1.2       0         1         0.18     -0.29     -0.21     -0.14     -0.17     -0.15      0         0         0         0         0         0         0         0         0         0         0         0         0         0         0       
   0         1.2       1         0.33     -0.0022    0.0025    0         0         0         0.0026   -0.2      -0.19      0         0         0         0         0         0         0         0         0         0         0         0       
   0        -1.2       1         0.15     -0.0022   -0.0026    0         0         0        -0.0026   -0.042     0.079     0         0         0         0         0         0         0         0         0         0         0         0       
  -1.2       0         1         0.24      0.086     0.29      0         0         0         0.19     -0.12     -0.057     0         0         0         0         0         0         0         0         0         0         0         0       
   1.2       0         1         0.24     -0.091    -0.29      0         0         0        -0.19     -0.12     -0.056     0         0         0         0         0         0         0         0         0         0         0         0       
   0         1.2       1         0.27      0.2      -0.24      0         0         0         0         0         0        -0.14     -0.17     -0.15      0         0         0         0         0         0         0         0         0       
   0        -1.2       1         0.09      0.2       0.24      0         0         0         0         0         0         0.14     -0.065     0.039     0         0         0         0         0         0         0         0         0       
  -1.2       0         1         0.18      0.29      0.21      0         0         0         0         0         0         0.14     -0.17     -0.15      0         0         0         0         0         0         0         0         0       
   1.2       0         1         0.18      0.11     -0.21      0         0         0         0         0         0        -0.14     -0.064     0.04      0         0         0         0         0         0         0         0         0       
   0         1.2       1        -0.087    -0.2       0.24      0         0         0         0         0         0         0         0         0         0.14     -0.064     0.04      0         0         0         0         0         0       
   0        -1.2       1        -0.26     -0.2      -0.24      0         0         0         0         0         0         0         0         0        -0.14     -0.17     -0.15      0         0         0         0         0         0       
  -1.2       0         1        -0.18     -0.11     -0.21      0         0         0         0         0         0         0         0         0        -0.14     -0.065     0.04      0         0         0         0         0         0       
   1.2       0         1        -0.18     -0.29      0.21      0         0         0         0         0         0         0         0         0         0.14     -0.17     -0.15      0         0         0         0         0         0       
   0         1.2       1        -0.15     -0.0022    0.0028    0         0         0         0         0         0         0         0         0         0         0         0         0.0027   -0.042     0.08      0         0         0       
   0        -1.2       1        -0.33     -0.0022   -0.0026    0         0         0         0         0         0         0         0         0         0         0         0        -0.0026   -0.2      -0.19      0         0         0       
  -1.2       0         1        -0.24      0.087    -0.29      0         0         0         0         0         0         0         0         0         0         0         0        -0.19     -0.12     -0.056     0         0         0       
   1.2       0         1        -0.24     -0.091     0.29      0         0         0         0         0         0         0         0         0         0         0         0         0.19     -0.12     -0.056     0         0         0       
   0         1.2       1        -0.09      0.2      -0.24      0         0         0         0         0         0         0         0         0         0         0         0         0         0         0        -0.14     -0.065     0.04    
   0        -1.2       1        -0.27      0.2       0.24      0         0         0         0         0         0         0         0         0         0         0         0         0         0         0         0.14     -0.17     -0.15    
  -1.2       0         1        -0.18      0.29     -0.21      0         0         0         0         0         0         0         0         0         0         0         0         0         0         0        -0.14     -0.17     -0.15    
   1.2       0         1        -0.18      0.11      0.21      0         0         0         0         0         0         0         0         0         0         0         0         0         0         0         0.14     -0.064     0.04    

IEFC_J
   0         1.2       1         0.26     -0.2       0.24      0.14     -0.17     -0.15      0         0         0         0         0         0         0         0         0         0         0         0         0         0         0       
   0        -1.2       1         0.087    -0.2      -0.24     -0.14     -0.064     0.04      0         0         0         0         0         0         0         0         0         0         0         0         0         0         0       
  -1.2       0         1         0.18     -0.11      0.21      0.13     -0.064     0.04      0         0         0         0         0         0         0         0         0         0         0         0         0         0         0       
   1.2       0         1         0.18     -0.29     -0.21     -0.14     -0.17     -0.15      0         0         0         0         0         0         0         0         0         0         0         0         0         0         0       
   0         1.2       1         0.33     -0.0022    0.0025    0         0         0         0.0026   -0.2      -0.19      0         0         0         0         0         0         0         0         0         0         0         0       
   0        -1.2       1         0.15     -0.0022   -0.0026    0         0         0        -0.0026   -0.042     0.079     0         0         0         0         0         0         0         0         0         0         0         0       
  -1.2       0         1         0.24      0.086     0.29      0         0         0         0.19     -0.12     -0.057     0         0         0         0         0         0         0         0         0         0         0         0       
   1.2       0         1         0.24     -0.091    -0.29      0         0         0        -0.19     -0.12     -0.056     0         0         0         0         0         0         0         0         0         0         0         0       
   0         1.2       1         0.27      0.2      -0.24      0         0         0         0         0         0        -0.14     -0.17     -0.15      0         0         0         0         0         0         0         0         0       
   0        -1.2       1         0.09      0.2       0.24      0         0         0         0         0         0         0.14     -0.065     0.039     0         0         0         0         0         0         0         0         0       
  -1.2       0         1         0.18      0.29      0.21      0         0         0         0         0         0         0.14     -0.17     -0.15      0         0         0         0         0         0         0         0         0       
   1.2       0         1         0.18      0.11     -0.21      0         0         0         0         0         0        -0.14     -0.064     0.04      0         0         0         0         0         0         0         0         0       
   0         1.2       1        -0.087    -0.2       0.24      0         0         0         0         0         0         0         0         0         0.14     -0.064     0.04      0         0         0         0         0         0       
   0        -1.2       1        -0.26     -0.2      -0.24      0         0         0         0         0         0         0         0         0        -0.14     -0.17     -0.15      0         0         0         0         0         0       
  -1.2       0         1        -0.18     -0.11     -0.21      0         0         0         0         0         0         0         0         0        -0.14     -0.065     0.04      0         0         0         0         0         0       
   1.2       0         1        -0.18     -0.29      0.21      0         0         0         0         0         0         0         0         0         0.14     -0.17     -0.15      0         0         0         0         0         0       
   0         1.2       1        -0.15     -0.0022    0.0028    0         0         0         0         0         0         0         0         0         0         0         0         0.0027   -0.042     0.08      0         0         0       
   0        -1.2       1        -0.33     -0.0022   -0.0026    0         0         0         0         0         0         0         0         0         0         0         0        -0.0026   -0.2      -0.19      0         0         0       
  -1.2       0         1        -0.24      0.087    -0.29      0         0         0         0         0         0         0         0         0         0         0         0        -0.19     -0.12     -0.056     0         0         0       
   1.2       0         1        -0.24     -0.091     0.29      0         0         0         0         0         0         0         0         0         0         0         0         0.19     -0.12     -0.056     0         0         0       
   0         1.2       1        -0.09      0.2      -0.24      0         0         0         0         0         0         0         0         0         0         0         0         0         0         0        -0.14     -0.065     0.04    
   0        -1.2       1        -0.27      0.2       0.24      0         0         0         0         0         0         0         0         0         0         0         0         0         0         0         0.14     -0.17     -0.15    
  -1.2       0         1        -0.18      0.29     -0.21      0         0         0         0         0         0         0         0         0         0         0         0         0         0         0        -0.14     -0.17     -0.15    
   1.2       0         1        -0.18      0.11      0.21      0         0         0         0         0         0         0         0         0         0         0         0         0         0         0         0.14     -0.064     0.04    

EFC_POS
  -0.00072 
  -0.00072 
  -0.00072 
  -0.00072 
  -0.00071 
  -0.00071 
  -0.00071 
  -0.00071 
  -0.00074 
  -0.00074 
  -0.00074 
  -0.00074 
  -0.00073 
  -0.00073 
  -0.00073 
  -0.00073 
  -0.00073 
  -0.00073 
  -0.00073 
  -0.00073 
  -0.00072 
  -0.00072 
  -0.00072 
  -0.00072 

EFC_MARGIN
   0       
   0       
   0       
   0       
   0       
   0       
   0       
   0       
   0       
   0       
   0       
   0       
   0       
   0       
   0       
   0       
   0       
   0       
   0       
   0       
   0       
   0       
   0       
   0       

EFC_FRICTIONLOSS
   0       
   0       
   0       
   0       
   0       
   0       
   0       
   0       
   0       
   0       
   0       
   0       
   0       
   0       
   0       
   0       
   0       
   0       
   0       
   0       
   0       
   0       
   0       
   0       

EFC_DIAGA
   32      
   32      
   32      
   32      
   32      
   32      
   32      
   32      
   32      
   32      
   32      
   32      
   32      
   32      
   32      
   32      
   32      
   32      
   32      
   32      
   32      
   32      
   32      
   32      

EFC_KBIP
   4.9e+03   1.4e+02   0.94     -55      
   4.9e+03   1.4e+02   0.94     -55      
   4.9e+03   1.4e+02   0.94     -55      
   4.9e+03   1.4e+02   0.94     -55      
   4.9e+03   1.4e+02   0.94     -57      
   4.9e+03   1.4e+02   0.94     -57      
   4.9e+03   1.4e+02   0.94     -57      
   4.9e+03   1.4e+02   0.94     -57      
   4.9e+03   1.4e+02   0.94     -52      
   4.9e+03   1.4e+02   0.94     -52      
   4.9e+03   1.4e+02   0.94     -52      
   4.9e+03   1.4e+02   0.94     -52      
   4.9e+03   1.4e+02   0.94     -54      
   4.9e+03   1.4e+02   0.94     -54      
   4.9e+03   1.4e+02   0.94     -54      
   4.9e+03   1.4e+02   0.94     -54      
   4.9e+03   1.4e+02   0.94     -54      
   4.9e+03   1.4e+02   0.94     -54      
   4.9e+03   1.4e+02   0.94     -54      
   4.9e+03   1.4e+02   0.94     -54      
   4.9e+03   1.4e+02   0.94     -55      
   4.9e+03   1.4e+02   0.94     -55      
   4.9e+03   1.4e+02   0.94     -55      
   4.9e+03   1.4e+02   0.94     -55      

EFC_D
   0.51    
   0.51    
   0.51    
   0.51    
   0.5     
   0.5     
   0.5     
   0.5     
   0.51    
   0.51    
   0.51    
   0.51    
   0.51    
   0.51    
   0.51    
   0.51    
   0.51    
   0.51    
   0.51    
   0.51    
   0.51    
   0.51    
   0.51    
   0.51    

EFC_R
   2       
   2       
   2       
   2       
   2       
   2       
   2       
   2       
   1.9     
   1.9     
   1.9     
   1.9     
   2       
   2       
   2       
   2       
   2       
   2       
   2       
   2       
   2       
   2       
   2       
   2       

ACTUATOR_VELOCITY
   0.00056 
   0.0037  
  -0.0018  
   0.00056 
   0.003   
  -0.00081 
   9.3e-05 
   0.0011  
   0.00014 
   0.0024  
  -0.00025 
   2.4e-05 
   0.0023  
  -0.001   
   0.00032 
   0.0022  
  -0.0017  
   0.0013  

CVEL
   0         0         0         0         0         0       
   0.00052  -0.00019  -0.00091  -0.00025  -0.00015   8.9e-05 
   0.00052  -0.00019  -0.00091  -0.00025  -0.00015   8.9e-05 
   0.00052  -0.00019  -0.00035  -0.00021  -0.0002    8.9e-05 
  -0.0021    0.0024   -0.00035  -0.00018  -0.00017   0.00062 
  -0.0008    0.0011   -0.00035  -0.00013  -0.00012   0.00025 
   0.00052  -0.00019  -0.00091  -0.00025  -0.00015   8.9e-05 
   0.00052  -0.00019  -0.00034  -0.0002   -0.00015   8.9e-05 
  -0.0025   -0.0002   -0.00034  -0.0002   -0.00011   0.00046 
  -0.0017   -0.0002   -0.00034  -0.0002   -8.4e-05   0.00031 
   0.00052  -0.00019  -0.00091  -0.00025  -0.00015   8.9e-05 
   0.00052  -0.00019  -0.00081  -0.00024  -0.00014   8.9e-05 
  -0.00028  -0.001    -0.00081  -0.00025  -0.00013   0.00026 
  -0.00038  -0.0011   -0.00081  -0.00025  -0.00014   0.00029 
   0.00052  -0.00019  -0.00091  -0.00025  -0.00015   8.9e-05 
   0.00052  -0.00019   0.0015   -0.0004   -0.00035   8.9e-05 
   0.00034  -0.00037   0.0015   -0.0004   -0.00035   5.2e-05 
   0.00036  -0.00035   0.0015   -0.0004   -0.00035   5.7e-05 
   0.00052  -0.00019  -0.00091  -0.00025  -0.00015   8.9e-05 
   0.00052  -0.00019   0.0014   -0.00043  -0.00015   8.9e-05 
  -0.00048  -0.00019   0.0014   -0.00043  -0.00014  -3.6e-05 
  -0.00016  -0.00019   0.0014   -0.00043  -0.00012   2.4e-05 
   0.00052  -0.00019  -0.00091  -0.00025  -0.00015   8.9e-05 
   0.00052  -0.00019   0.0013   -0.00039   3.6e-05   8.9e-05 
  -0.00066   0.001     0.0013   -0.00037   5e-05    -0.00016 
   0.00023   0.0001    0.0013   -0.00034   8.4e-05   0.00011 

CDOF_DOT
   0         0         0         0         0         0       
   0         0         0         0         0         0       
   0         0         0         0         0         0       
   0         0         0        -5.3e-08   8.9e-05   0.00015 
  -0         0         0        -8.9e-05  -7.8e-08  -0.00025 
   0        -0         0        -0.00015   0.00025  -9.7e-08 
  -0.00019  -0.00052   8.3e-08  -0.00023   0.00019  -3.1e-05 
   0.00025   0.00025   0.00023  -8.8e-05  -0.00014  -0.00028 
   0.00025   0.00025   0.00023   4.9e-05  -1e-06    -0.00013 
  -0.00019  -0.00052   8.3e-08  -0.00015   0.00017   1.6e-05 
  -6.7e-07   0.00034  -0.00019  -2e-05    -0.00015  -0.00014 
  -6.7e-07   0.00034  -0.00019  -4.9e-05   7.1e-07  -2.1e-05 
  -0.00019  -0.00052   8.3e-08  -7.4e-05   0.00019   5.6e-05 
  -0.00058   0.00057  -0.00051   4.2e-05  -0.00013   7.4e-05 
  -0.00058   0.00057  -0.00051  -5e-05    -0.00014   0.00012 
  -0.00019  -0.00052   8.3e-08  -0.00023   0.0003   -5.6e-05 
  -0.0011    0.0011    0.00051  -7.8e-05  -8e-07    -3.6e-05 
  -0.0011    0.0011    0.00051  -0.00015  -7.5e-05  -3.7e-05 
  -0.00019  -0.00052   8.3e-08  -0.00015   0.00032  -1.5e-05 
   2.2e-06   0.0014    0.00019  -8e-06     2.4e-05   0.00014 
   2.2e-06   0.0014    0.00019  -8.8e-05   5.4e-05   0.00012 
  -0.00019  -0.00052   8.3e-08  -7.4e-05   0.0003    3.2e-05 
   0.00093   0.00092  -0.00024   4.5e-05  -2.5e-05   0.00024 
   0.00093   0.00092  -0.00024   6.2e-05   6.2e-05   0.00018 

QFRC_BIAS
  -9.2e-08 
  -2.1e-08 
   41      
   0.0014  
  -0.035   
  -9e-06   
  -0.00012 
  -0.19    
  -0.051   
  -8.3e-05 
  -0.19    
  -0.051   
   1.3e-06 
  -0.19    
  -0.051   
  -2e-06   
  -0.19    
  -0.051   
   8.2e-05 
  -0.19    
  -0.051   
   0.00012 
  -0.19    
  -0.051   

QFRC_SPRING
   0       
   0       
   0       
   0       
   0       
   0       
   0       
   0       
   0       
   0       
   0       
   0       
   0       
   0       
   0       
   0       
   0       
   0       
   0       
   0       
   0       
   0       
   0       
   0       

QFRC_DAMPER
   0       
   0       
   0       
   0       
   0       
   0       
  -5.6e-05 
  -0.00037 
   0.00018 
  -5.6e-05 
  -0.0003  
   8.1e-05 
  -9.3e-06 
  -0.00011 
  -1.4e-05 
  -0.00024 
   2.5e-05 
  -2.4e-06 
  -0.00023 
   0.0001  
  -3.2e-05 
  -0.00022 
   0.00017 
  -0.00013 

QFRC_GRAVCOMP
   0       
   0       
   0       
   0       
   0       
   0       
   0       
   0       
   0       
   0       
   0       
   0       
   0       
   0       
   0       
   0       
   0       
   0       
   0       
   0       
   0       
   0       
   0       
   0       

QFRC_FLUID
   0       
   0       
   0       
   0       
   0       
   0       
   0       
   0       
   0       
   0       
   0       
   0       
   0       
   0       
   0       
   0       
   0       
   0       
   0       
   0       
   0       
   0       
   0       
   0       

QFRC_PASSIVE
   0       
   0       
   0       
   0       
   0       
   0       
  -5.6e-05 
  -0.00037 
   0.00018 
  -5.6e-05 
  -0.0003  
   8.1e-05 
  -9.3e-06 
  -0.00011 
  -1.4e-05 
  -0.00024 
   2.5e-05 
  -2.4e-06 
  -0.00023 
   0.0001  
  -3.2e-05 
  -0.00022 
   0.00017 
  -0.00013 

EFC_VEL
  -0.00041 
   0.00018 
   7.5e-05 
  -0.0003  
  -0.00035 
   0.00016 
   2.8e-05 
  -0.00022 
  -5.1e-06 
   5.8e-06 
   2.2e-05 
  -2.1e-05 
   4.1e-05 
   8.7e-05 
   0.00019 
  -6.6e-05 
  -9.9e-05 
   0.00022 
   0.00016 
  -3.8e-05 
  -0.0001  
   0.00027 
   0.00022 
  -5e-05   

EFC_AREF
   3.4     
   3.3     
   3.4     
   3.4     
   3.4     
   3.3     
   3.3     
   3.3     
   3.4     
   3.4     
   3.4     
   3.4     
   3.4     
   3.4     
   3.4     
   3.4     
   3.4     
   3.3     
   3.4     
   3.4     
   3.4     
   3.3     
   3.3     
   3.4     

SUBTREE_LINVEL
   0         0         0       
   0         0         0       
   0         0         0       
   0         0         0       
   0         0         0       
   0         0         0       
   0         0         0       
   0         0         0       
   0         0         0       
   0         0         0       
   0         0         0       
   0         0         0       
   0         0         0       
   0         0         0       
   0         0         0       
   0         0         0       
   0         0         0       
   0         0         0       
   0         0         0       
   0         0         0       
   0         0         0       
   0         0         0       
   0         0         0       
   0         0         0       
   0         0         0       
   0         0         0       

SUBTREE_ANGMOM
   0         0         0       
   0         0         0       
   0         0         0       
   0         0         0       
   0         0         0       
   0         0         0       
   0         0         0       
   0         0         0       
   0         0         0       
   0         0         0       
   0         0         0       
   0         0         0       
   0         0         0       
   0         0         0       
   0         0         0       
   0         0         0       
   0         0         0       
   0         0         0       
   0         0         0       
   0         0         0       
   0         0         0       
   0         0         0       
   0         0         0       
   0         0         0       
   0         0         0       
   0         0         0       

ACTUATOR_FORCE
  -0.0013  
   0.62    
   0.33    
   0.0026  
   0.6     
   0.32    
  -0.0014  
   0.65    
   0.35    
   0.00014 
   0.62    
   0.33    
  -0.0011  
   0.62    
   0.33    
   0.0011  
   0.61    
   0.33    

QFRC_ACTUATOR
   0       
   0       
   0       
   0       
   0       
   0       
  -0.0013  
   0.62    
   0.33    
   0.0026  
   0.6     
   0.32    
  -0.0014  
   0.65    
   0.35    
   0.00014 
   0.62    
   0.33    
  -0.0011  
   0.62    
   0.33    
   0.0011  
   0.61    
   0.33    

QFRC_SMOOTH
   9.2e-08 
   2.1e-08 
  -41      
  -0.0014  
   0.035   
   9e-06   
  -0.0012  
   0.81    
   0.38    
   0.0027  
   0.79    
   0.38    
  -0.0015  
   0.84    
   0.4     
  -9.6e-05 
   0.82    
   0.39    
  -0.0014  
   0.81    
   0.38    
   0.00081 
   0.8     
   0.38    

QACC_SMOOTH
   0.066   
   0.011   
   1.3     
  -0.16    
   2.1     
  -0.34    
   1.8     
   3.4e+02 
   2.1e+02 
   2.9     
   3.3e+02 
   2.1e+02 
   1.9     
   3.6e+02 
   2.2e+02 
  -0.38    
   3.4e+02 
   2.1e+02 
  -0.85    
   3.4e+02 
   2.1e+02 
  -0.0035  
   3.4e+02 
   2.1e+02 

EFC_B
  -93      
  -16      
  -15      
  -93      
  -1.1e+02 
   0.4     
  -53      
  -54      
  -97      
  -16      
  -97      
  -16      
  -16      
  -94      
  -16      
  -94      
   0.16    
  -1.1e+02 
  -54      
  -55      
  -16      
  -92      
  -92      
  -16      

EFC_FORCE
   1.7     
   1.7     
   1.7     
   1.7     
   1.7     
   1.7     
   1.7     
   1.7     
   1.8     
   1.8     
   1.8     
   1.8     
   1.7     
   1.7     
   1.7     
   1.7     
   1.7     
   1.7     
   1.7     
   1.7     
   1.7     
   1.7     
   1.7     
   1.7     

EFC_STATE
  1
  1
  1
  1
  1
  0
  1
  1
  1
  1
  1
  1
  1
  1
  1
  1
  0
  1
  1
  1
  1
  1
  1
  1

QFRC_CONSTRAINT
   0.0099  
   0.024   
   41      
  -7.9e-05 
  -0.034   
   0.0021  
   0.0014  
  -0.81    
  -0.38    
  -0.0028  
  -0.79    
  -0.38    
   0.0011  
  -0.84    
  -0.4     
   0.00065 
  -0.82    
  -0.39    
   0.0017  
  -0.81    
  -0.38    
  -0.00083 
  -0.8     
  -0.38    

QFRC_INVERSE
   0       
   0       
   0       
   0       
   0       
   0       
   0       
   0       
   0       
   0       
   0       
   0       
   0       
   0       
   0       
   0       
   0       
   0       
   0       
   0       
   0       
   0       
   0       
   0       

CACC
   0         0         0         0         0         0       
   0         0         0         0         0         0       
   0         0         0         0         0         0       
   0         0         0         0         0         0       
   0         0         0         0         0         0       
   0         0         0         0         0         0       
   0         0         0         0         0         0       
   0         0         0         0         0         0       
   0         0         0         0         0         0       
   0         0         0         0         0         0       
   0         0         0         0         0         0       
   0         0         0         0         0         0       
   0         0         0         0         0         0       
   0         0         0         0         0         0       
   0         0         0         0         0         0       
   0         0         0         0         0         0       
   0         0         0         0         0         0       
   0         0         0         0         0         0       
   0         0         0         0         0         0       
   0         0         0         0         0         0       
   0         0         0         0         0         0       
   0         0         0         0         0         0       
   0         0         0         0         0         0       
   0         0         0         0         0         0       
   0         0         0         0         0         0       
   0         0         0         0         0         0       

CFRC_INT
   0         0         0         0         0         0       
   0         0         0         0         0         0       
   0         0         0         0         0         0       
   0         0         0         0         0         0       
   0         0         0         0         0         0       
   0         0         0         0         0         0       
   0         0         0         0         0         0       
   0         0         0         0         0         0       
   0         0         0         0         0         0       
   0         0         0         0         0         0       
   0         0         0         0         0         0       
   0         0         0         0         0         0       
   0         0         0         0         0         0       
   0         0         0         0         0         0       
   0         0         0         0         0         0       
   0         0         0         0         0         0       
   0         0         0         0         0         0       
   0         0         0         0         0         0       
   0         0         0         0         0         0       
   0         0         0         0         0         0       
   0         0         0         0         0         0       
   0         0         0         0         0         0       
   0         0         0         0         0         0       
   0         0         0         0         0         0       
   0         0         0         0         0         0       
   0         0         0         0         0         0       

CFRC_EXT
   0         0         0         0         0         0       
   0         0         0         0         0         0       
   0         0         0         0         0         0       
   0         0         0         0         0         0       
   0         0         0         0         0         0       
   0         0         0         0         0         0       
   0         0         0         0         0         0       
   0         0         0         0         0         0       
   0         0         0         0         0         0       
   0         0         0         0         0         0       
   0         0         0         0         0         0       
   0         0         0         0         0         0       
   0         0         0         0         0         0       
   0         0         0         0         0         0       
   0         0         0         0         0         0       
   0         0         0         0         0         0       
   0         0         0         0         0         0       
   0         0         0         0         0         0       
   0         0         0         0         0         0       
   0         0         0         0         0         0       
   0         0         0         0         0         0       
   0         0         0         0         0         0       
   0         0         0         0         0         0       
   0         0         0         0         0         0       
   0         0         0         0         0         0       
   0         0         0         0         0         0       

TREE_ISLAND
  0

ISLAND_NTREE
  1

ISLAND_ITREEADR
  0

MAP_ITREE2TREE
  0

DOF_ISLAND            0 0 0 0 0 0 0 0 0 0 0 0 0 0 0 0 0 0 0 0 0 0 0 0

ISLAND_NV             24

ISLAND_IDOFADR        0

MAP_IDOF2DOF          0 1 2 3 4 5 6 7 8 9 10 11 12 13 14 15 16 17 18 19 20 21 22 23

EFC_ISLAND            0 0 0 0 0 0 0 0 0 0 0 0 0 0 0 0 0 0 0 0 0 0 0 0

ISLAND_NEFC           24

ISLAND_IEFCADR        0

MAP_IEFC2EFC          0 1 2 3 4 5 6 7 8 9 10 11 12 13 14 15 16 17 18 19 20 21 22 23

